

function busdata = busdata6()     

%       |Bus | Type | Vsp | theta   | PGi     | QGi   | PLi   | QLi       | Qmin | Qmax |
busdata=[1    3      1.060    0.0      0.0      0.0    232.4   -16.9        0.0     0.0;   
         2    2      1.045  -4.98     21.7     12.7     40.0    42.4       50.0   -40.0;   
         3    2      1.010 -12.72     94.2     19.0      0.0    23.4       40.0     0.0;   
         4    0      1.019 -10.33     47.8     -3.9      0.0     0.0        0.0     0.0;   
         5    0      1.020  -8.78      7.6      1.6      0.0     0.0        0.0     0.0;   
         6    2      1.070 -14.22     11.2      7.5      0.0    12.2       24.0    -6.0;   
         7    0      1.062 -13.37      0.0      0.0      0.0     0.0        0.0     0.0;   
         8    2      1.090 -13.36      0.0      0.0      0.0    17.4       24.0    -6.0;   
         9    0      1.056 -14.94     29.5     16.6      0.0     0.0        0.0     0.0;  
        10    0      1.051 -15.10      9.0      5.8      0.0     0.0        0.0     0.0;  
        11    0      1.057 -14.79      3.5      1.8      0.0     0.0        0.0     0.0;  
        12    0      1.055 -15.07      6.1      1.6      0.0     0.0        0.0     0.0;  
        13    0      1.050 -15.16     13.5      5.8      0.0     0.0        0.0     0.0;  
        14    0      1.036 -16.04     14.9      5.0      0.0     0.0        0.0     0.0;];    