a=500^2
b=480^2;
c=140^2;
d=b+c
